x [1, 1, 1, 1, 1, 1, 1, 1, 1, 1, 2, 1, 2, 1, 2, 1, 2, 3, 1, 3, 2, 3, 1, 4, 3, 2, 3, 4, 1, 5, 4, 3, 5, 2, 5, 3, 4, 5, 6, 1, 6, 5, 4, 7, 3, 5, 7, 2, 7, 5, 8, 3, 7, 4, 5, 6, 7, 8, 9, 1, 10, 9, 8, 7, 6, 5, 9, 4, 11, 7, 10, 3, 11, 8, 5, 12, 7, 9, 11, 2, 13, 11, 9, 7, 12, 5, 13, 8, 11, 14, 3, 13, 10, 7, 11, 15, 4, 13, 9, 14, 5, 16, 11, 6, 13, 7, 15, 8, 17, 9, 10, 11, 12, 13, 14, 15, 16, 17, 18]

y [19, 18, 17, 16, 15, 14, 13, 12, 11, 10, 19, 9, 17, 8, 15, 7, 13, 19, 6, 17, 11, 16, 5, 19, 14, 9, 13, 17, 4, 19, 15, 11, 18, 7, 17, 10, 13, 16, 19, 3, 17, 14, 11, 19, 8, 13, 18, 5, 17, 12, 19, 7, 16, 9, 11, 13, 15, 17, 19, 2, 19, 17, 15, 13, 11, 9, 16, 7, 19, 12, 17, 5, 18, 13, 8, 19, 11, 14, 17, 3, 19, 16, 
13, 10, 17, 7, 18, 11, 15, 19, 4, 17, 13, 9, 14, 19, 5, 16, 11, 17, 6, 19, 13, 7, 15, 8, 17, 9, 19, 10, 11, 12, 13, 14, 15, 16, 17, 18, 19]

sebelum
 y = [[2, 3, 4, 5, 6, 7, 8, 9, 10, 11, 12, 13, 14, 15, 16, 17, 18, 19], [3, 5, 7, 9, 11, 13, 15, 17, 19, 4, 5, 7, 8, 10, 11, 13, 14, 16, 17, 19], [5, 7, 9, 11, 13, 15, 17, 19], [6, 7, 8, 9, 11, 12, 13, 14, 16, 17, 18, 19], [7, 11, 13, 17, 19], [8, 9, 10, 11, 12, 13, 15, 16, 17, 18, 19], [9, 11, 13, 15, 17, 19], [10, 11, 13, 14, 
16, 17, 19, 11, 13, 17, 19], [12, 13, 14, 15, 16, 17, 18, 19], [13, 17, 19], [14, 15, 16, 17, 18, 19], [15, 17, 19, 16, 17, 19], [17, 19], [18, 19], [19]]






y
['\x13', '\x12', '\x11', '\x10', '\x0f', '\x0e', '\r', '\x0c', '\x0b', '\n', '\x13', '\t', '\x11', '\x08', '\x0f', '\x07', '\r', '\x13', '\x06', '\x11', '\x0b', '\x10', '\x05', '\x13', '\x0e', '\t', '\r', '\x11', '\x04', '\x13', '\x0f', '\x0b', '\x12', '\x07', '\x11', '\n', '\r', '\x10', '\x13', '\x03', '\x11', '\x0e', '\x0b', '\x13', '\x08', '\r', '\x12', '\x05', '\x11', '\x0c', '\x13', '\x07', '\x10', '\t', '\x0b', '\r', '\x0f', '\x11', '\x13', '\x02', '\x13', '\x11', '\x0f', '\r', '\x0b', '\t', '\x10', '\x07', '\x13', '\x0c', '\x11', '\x05', '\x12', '\r', '\x08', '\x13', '\x0b', '\x0e', '\x11', '\x03', '\x13', '\x10', '\r', '\n', '\x11', '\x07', '\x12', '\x0b', '\x0f', '\x13', '\x04', '\x11', '\r', '\t', '\x0e', '\x13', '\x05', '\x10', '\x0b', '\x11', '\x06', '\x13', '\r', '\x07', '\x0f', '\x08', '\x11', '\t', '\x13', '\n', '\x0b', '\x0c', '\r', '\x0e', '\x0f', '\x10', '\x11', '\x12', '\x13']    
